6
2708
3522022222211114444444444444332221122222222223333444444
240903322223223332222211111414114411444114444333333
4301022222333322233333322233333444441144411111441414434333223222233222332222211111444111111444111144444
02090112222111111222223322222334444443333443332334334444114411111
25320444441114444441111443333444443222122111122333322222233322222
111111111111111111111111111111111111111111111111111111111111
122200000000002222220002220000000022220000000000000002200001
122222002000002222222222222222000000000022222220000002200001
122222002200000000022220000000002220000022222220002222222001
100000002222220000022220022002222220000022002200002222222221
100220002200000000002220022000000220000022000000000000022221
100220002200222222222220022222000222222222222222200000022001
100000022002222222000220000022000002222000002222200000022001
100022222002200002200220000022220000222000000022200002222221
100022000002200002200220022220000002220000220002200002222221
100022200000000002200220000002222200222000220002200002222001
100000220022000222000220000002222200000000000002200000022001
100000220022000220000222200000002200002200000000222200022001
100022222002222220022222200000002200002222220000222200022001
100000220000000000022000000000002200002222220000002200022001
100000220022000000000002222220000000002200222222002200000001
100000000022000000220000222220000000002200000000000000000001
100222222222000222222002220000000022222222222222200000000001
100022222222000000022222200000000000000000000002200002222001
102222000000000000000002200000000002220000000002220002222221
102222000002222200000002220000022222220000022222222200000221
100022222222222200000002222222222222222000000000002220000221
100000222222200000000000000022222220000000000222222220000001
111111111111111111111111111111111111111111111111111111111111
